20  13.95  1141100  3   -25    m
30  13.09  485571   0   25-34  m
40  13.13  504312   12  35-44  m
50  13.01  447315   25  45-54  m
60  12.71  330902   61  55-64  m
70  12.33  226403   130 65-74  m
80  11.78  130527   192 75-84  m
90  10.30  29785    102 +85    m
20  13.89  1086408  2   -25    f
30  13.10  489948   1   25-34  f
40  13.13  504030   3   35-44  f
50  13.01  445763   11  45-54  f
60  12.69  323669   30  55-64  f
70  12.39  241488   63  65-74  f
80  12.10  179686   174 75-84  f
90  11.12  67203    159 +85    f