1  25.90 4.918 1.000 3.472 0.998 1.0  7 442 0
2  29.50 5.021 1.000 3.531 1.500 2.0  7 462 0
3  27.90 4.543 1.000 2.275 1.175 1.0  6 340 0
4  25.90 4.557 1.000 4.050 1.232 1.0  6 354 0
5  29.90 5.060 1.000 4.455 1.121 1.0  6 342 0
6  29.90 3.891 1.000 4.455 0.988 1.0  6 356 0
7  30.90 5.898 1.000 5.850 1.240 1.0  7 351 1
8  28.90 5.604 1.000 9.520 1.501 0.0  6 332 0
9  35.90 5.828 1.000 6.435 1.225 2.0  6 332 0
10 31.50 5.300 1.000 4.988 1.552 1.0  6 330 0
11 31.00 6.271 1.000 5.520 0.975 1.0  5 230 0
12 30.90 5.959 1.000 6.666 1.121 2.0  6 332 0
13 30.00 5.050 1.000 5.000 1.020 0.0  5 246 1
14 36.90 8.246 1.500 5.150 1.664 2.0  8 450 0
15 41.90 6.697 1.500 6.902 1.488 1.5  7 322 1
16 40.50 7.784 1.500 7.102 1.376 1.0  6 317 0
17 43.90 9.038 1.000 7.800 1.500 1.5  7 323 0
18 37.90 5.989 1.000 5.520 1.256 2.0  6 340 1
19 37.90 7.542 1.500 5.000 1.690 1.0  6 322 0
20 44.50 8.795 1.500 9.890 1.820 2.0  8 450 1
21 37.90 6.083 1.500 6.727 1.652 1.0  6 344 0
22 38.90 8.361 1.500 9.150 1.777 2.0  8 448 1
23 36.90 8.140 1.000 8.000 1.504 2.0  7 33  0
24 45.80 9.142 1.500 7.326 1.831 1.5  8 431 0