0  26 
0  21 
0  28 
0  25 
3  30 
0  35 
0  36 
0  30 
0  33 
0  29 
0  28 
0  24 
0  24 
0  29 
2  30 
1  30 
0  21 
3  37 
1  34 
1  31 
1  21 
0  25 
0  17 
0  29
0  31
1  31
0  27
0  18
0  25
0  20
0  34
3  40
2  27
0  33
0  33
2  35
0  29
0  29
0  37
0  23
1  36
0  26
2  35
0  28
1  25
2  30
1  31
2  36
0  21
0  28
2  35
1  23
1  33
0  30
0  27
0  35
1  26
0  20
2  32
0  29
0  26
0  37
0  26
0  35
0  20
0  31
1  30
0  37
1  29
0  28
0  31
2  33
0  29
0  31
3  36
0  27
2  34
0  27
2  28
0  32
1  31
1  30
1  37
0  20
0  31
0  28
0  40
1  36
0  29
1  31
0  36
0  37
2  32
0  29
0  25
1  31
7  42
1  32
1  39
0  39
0  28
3  41
2  36
0  28
0  23
0  19
2  31
1  29
0  29
0  34
0  28
0  37
0  24
1  28
0  34
1  31
0  34
0  34
1  31
0  43
0  32
0  36
0  31
0  38
1  36
0  35
0  22
0  33
0  25
3  26
0  28
1  32
2  32
0  29
0  25
0  27
1  26
1  42
