1  ME  235  3944  325 508  1 26  NC  245  4120  321 450  3  
2  NH  231  4578  323 564  1 27  SC  233  3817  342 476  3  
3  VT  270  4011  328 322  1 28  GA  250  4243  339 603  3  
4  MA  261  5233  305 846  1 29  FL  243  4647  287 805  3  
5  RI  300  4780  303 871  1 30  KY  216  3967  325 523  3  
6  CT  317  5889  307 774  1 31  TN  212  3946  315 588  3  
7  NY  387  5663  301 856  1 32  AL  208  3724  332 584  3  
8  NJ  285  5759  310 889  1 33  MS  215  3448  358 445  3  
9  PA  300  4894  300 715  1 34  AR  221  3680  320 500  3  
10 OH  221  5012  324 753  2 35  LA  244  3825  355 661  3  
11 IN  264  4908  329 649  2 36  OK  234  4189  306 680  3  
12 IL  308  5753  320 830  2 37  TX  269  4336  335 797  3  
13 MI  379  5439  337 738  2 38  MT  302  4418  335 534  4  
14 WI  342  4634  328 659  2 39  ID  268  4323  344 541  4  
15 MN  378  4921  330 664  2 40  WY  323  4813  331 605  4  
16 IA  232  4869  318 572  2 41  CO  304  5046  324 785  4  
17 MO  231  4672  309 701  2 42  NM  317  3764  366 698  4  
18 ND  246  4782  333 443  2 43  AZ  332  4504  340 796  4  
19 SD  230  4296  330 446  2 44  UT  315  4005  378 804  4  
20 NB  268  4827  318 615  2 45  NV  29I  5560  330 809  4  
21 KS  337  5057  304 661  2 46  WA  312  4989  313 726  4  
22 DE  344  5540  328 722  3 47  OR  316  4697  305 671  4  
23 MD  330  5331  323 766  3 48  CA  332  5438  307 909  4  
24 VA  261  4715  317 631  3 49  AK  546  5613  386 484  4  
25 WV  214  3828  310 390  3 50  HI  311  5309  333 831  4  