47 7  11  4
64 7  19  0
97 4  15  2
55 3  15  3
51 6  20  1
61 5  6   0
69 3  15  3
79 6  19  3
71 7  14  2
62 6  13  2
87 5  17  3
54 2  20  2
43 8  11  2
92 3  20  3
83 2  20  4
94 0  20  4
60 8  9   3
56 9  8   1
88 4  16  2
62 7  10  0
45 7  9   0
57 8  15  1
45 9  10  0
51 4  16  2
65 2  10  4
88 1  20  4
44 9  11  1
87 0  20  4
89 3  15  3
59 8  15  0
66 8  8   2
65 7  13  1
56 5  18  4
47 8  10  1
66 8  8   0
41 10 10  1
56 7  16  3
37 4  11  0
45 4  19  1
58 4  12  4